# 1	b6l15c1
2745
# 2	b1l1c247_b2l1c25_b2l7c1
1714
# 3	b1l1c247_b1l2c222_b3l10c3
2038,3774,3201
# 4	b5l18c4
25827,22552,25207,23591
# 5	b4l9c5
4372,2421,508,1761,455
# 6	b1l1c247_b2l1c25_b1l7c24
2000,5044,1118,5527,1212,151,4200,2772,1418,2494,3037,5058,3327,4573,1617,6780,2902,2650,6038,4462,1170,2264,5509,5821
# 7	b3l6c58
23629,22610,23743,20716,23530,25028,22134,23950,24761,21751,20336,22551,24919,19944,20078,23910,21553,23989,20798,23645,24359,20027,23415,22362,23468,21345,19920,23428,22449,24294,24896,23551,19962,19686,19514,24029,24054,22579,24794,23617,22375,19526,20651,19980,23931,24971,24017,24451,22304,23482,22483,25698,22660,22460
# 8	b1l1c247_b1l2c222_b2l3c69
2008,480,4095,1292,2132,2433,725,3379,2953,2954,2183,1933,304,1252,2993,3132,1775,767,214,3431,1866,1353,1211,2585,504,576,2937,3471,3320,2485,2522,768,1262,19639,6035,2080,3443,3883,656,3694,3698,4266,3308,3392,1436,1719,705,3843,5998,2221,2713,4253,1194,1192,2944,153,3964,314,1905,743,644,444,2547,194,2911,1942,1869
# 9	b1l1c247_b1l2c222_b1l4c150
1368,1800,2425,1299,1445,600,1740,225,228,661,1983,2474,1485,844,847,307,915,918,115,65,1415,53,268,669,1560,286,1674,807,351,1811,1452,1519,802,163,167,165,38,461,469,2429,630,501,1036,509,250,252,61,1722,1334,5688,839,316,1382,2796,1389,410,121,1310,2523,691,1261,1147,70,71,3622,776,353,325,320,560,2026,863,2620,3081,654,971,177,457,1346,458,514,1007,2577,584,586,1657,795,373,825,2013,400,404,939,22,25,135,1306,1304,948,615,1699,1196,2341,233,238,746,1620,95,99,1434,6,748,3292,339,431,1539,1248,647,1536,2048,33,901,100,109,445,442,1233,1019,527,582,276,190,597,595,299,1498,17,1267,1251,716,719,1798,816,349,1946
# 10	b2l7c192
1363,4396,3783,487,1291,15973,2134,9104,1183,2952,3074,8776,8772,18733,4449,16130,6836,7428,2678,8959,22869,4113,3260,30588,427,1398,15180,5760,2496,2992,55,4566,670,4335,23073,15489,7114,7117,10215,2845,18537,1951,803,3988,7505,357,7339,14163,6737,3919,14862,6411,14880,26518,3537,14014,3862,15491,4682,4931,7157,2207,5431,3002,2195,3756,15121,30650,4035,3312,27784,8885,4285,2447,23300,1928,19471,3941,3410,6252,920,4403,7444,15297,6917,14779,15515,2092,3490,3719,3498,18785,6136,7069,1041,2331,3355,2879,18527,4005,5213,14651,15258,5101,1911,9581,14025,14021,6046,7490,6538,453,14725,2576,11755,15483,581,30662,32222,82,6145,396,701,374,18809,3565,22849,1705,3836,10744,4989,2407,29,499,2537,1474,7579,4911,944,946,4461,4252,14398,1690,14390,2222,2224,14715,3636,15141,1997,1994,9026,2275,3638,3450,3804,1533,1844,2047,9529,11444,2546,7638,4654,4327,1129,25666,23962,2317,13736,1702,7122,2856,2853,2917,3558,7307,14983,4021,14910,27497
